"T","U:0","U:1","U:2","p","vtkValidPointMask","arc_length","Points:0","Points:1","Points:2"
348.43,6.0127e-09,0,0,1e+05,1,0,-5,-1,-1
348.43,7.0744e-09,0,0,1e+05,1,0.01,-4.99,-1,-1
348.43,8.1361e-09,0,0,1e+05,1,0.02,-4.98,-1,-1
348.43,9.1978e-09,0,0,1e+05,1,0.03,-4.97,-1,-1
348.43,1.0259e-08,0,0,1e+05,1,0.04,-4.96,-1,-1
348.43,1.1321e-08,0,0,1e+05,1,0.05,-4.95,-1,-1
348.43,1.2383e-08,0,0,1e+05,1,0.06,-4.94,-1,-1
348.43,1.3445e-08,0,0,1e+05,1,0.07,-4.93,-1,-1
348.43,1.4506e-08,0,0,1e+05,1,0.08,-4.92,-1,-1
348.43,1.5568e-08,0,0,1e+05,1,0.09,-4.91,-1,-1
348.43,1.663e-08,0,0,1e+05,1,0.1,-4.9,-1,-1
348.43,2.1295e-08,0,0,1e+05,1,0.11,-4.89,-1,-1
348.43,2.5959e-08,0,0,1e+05,1,0.12,-4.88,-1,-1
348.43,3.0624e-08,0,0,1e+05,1,0.13,-4.87,-1,-1
348.43,3.5289e-08,0,0,1e+05,1,0.14,-4.86,-1,-1
348.43,3.9954e-08,0,0,1e+05,1,0.15,-4.85,-1,-1
348.43,4.4619e-08,0,0,1e+05,1,0.16,-4.84,-1,-1
348.43,4.9284e-08,0,0,1e+05,1,0.17,-4.83,-1,-1
348.43,5.3948e-08,0,0,1e+05,1,0.18,-4.82,-1,-1
348.43,5.8613e-08,0,0,1e+05,1,0.19,-4.81,-1,-1
348.43,6.3278e-08,0,0,1e+05,1,0.2,-4.8,-1,-1
348.43,7.9769e-08,0,0,1e+05,1,0.21,-4.79,-1,-1
348.43,9.6259e-08,0,0,1e+05,1,0.22,-4.78,-1,-1
348.43,1.1275e-07,0,0,1e+05,1,0.23,-4.77,-1,-1
348.43,1.2924e-07,0,0,1e+05,1,0.24,-4.76,-1,-1
348.43,1.4573e-07,0,0,1e+05,1,0.25,-4.75,-1,-1
348.43,1.6222e-07,0,0,1e+05,1,0.26,-4.74,-1,-1
348.43,1.7871e-07,0,0,1e+05,1,0.27,-4.73,-1,-1
348.43,1.952e-07,0,0,1e+05,1,0.28,-4.72,-1,-1
348.43,2.1169e-07,0,0,1e+05,1,0.29,-4.71,-1,-1
348.43,2.2818e-07,0,0,1e+05,1,0.3,-4.7,-1,-1
348.43,2.857e-07,0,0,1e+05,1,0.31,-4.69,-1,-1
348.43,3.4323e-07,0,0,1e+05,1,0.32,-4.68,-1,-1
348.43,4.0075e-07,0,0,1e+05,1,0.33,-4.67,-1,-1
348.43,4.5827e-07,0,0,1e+05,1,0.34,-4.66,-1,-1
348.43,5.1579e-07,0,0,1e+05,1,0.35,-4.65,-1,-1
348.43,5.7332e-07,0,0,1e+05,1,0.36,-4.64,-1,-1
348.43,6.3084e-07,0,0,1e+05,1,0.37,-4.63,-1,-1
348.43,6.8836e-07,0,0,1e+05,1,0.38,-4.62,-1,-1
348.43,7.4588e-07,0,0,1e+05,1,0.39,-4.61,-1,-1
348.43,8.034e-07,0,0,1e+05,1,0.4,-4.6,-1,-1
348.43,9.9838e-07,0,0,1e+05,1,0.41,-4.59,-1,-1
348.43,1.1934e-06,0,0,1e+05,1,0.42,-4.58,-1,-1
348.43,1.3883e-06,0,0,1e+05,1,0.43,-4.57,-1,-1
348.43,1.5833e-06,0,0,1e+05,1,0.44,-4.56,-1,-1
348.43,1.7783e-06,0,0,1e+05,1,0.45,-4.55,-1,-1
348.43,1.9733e-06,0,0,1e+05,1,0.46,-4.54,-1,-1
348.43,2.1682e-06,0,0,1e+05,1,0.47,-4.53,-1,-1
348.43,2.3632e-06,0,0,1e+05,1,0.48,-4.52,-1,-1
348.43,2.5582e-06,0,0,1e+05,1,0.49,-4.51,-1,-1
348.43,2.7532e-06,0,0,1e+05,1,0.5,-4.5,-1,-1
348.43,3.3954e-06,0,0,1e+05,1,0.51,-4.49,-1,-1
348.43,4.0375e-06,0,0,1e+05,1,0.52,-4.48,-1,-1
348.43,4.6798e-06,0,0,1e+05,1,0.53,-4.47,-1,-1
348.43,5.3219e-06,0,0,1e+05,1,0.54,-4.46,-1,-1
348.43,5.9641e-06,0,0,1e+05,1,0.55,-4.45,-1,-1
348.43,6.6063e-06,0,0,1e+05,1,0.56,-4.44,-1,-1
348.43,7.2485e-06,0,0,1e+05,1,0.57,-4.43,-1,-1
348.43,7.8907e-06,0,0,1e+05,1,0.58,-4.42,-1,-1
348.43,8.5329e-06,0,0,1e+05,1,0.59,-4.41,-1,-1
348.43,9.175e-06,0,0,1e+05,1,0.6,-4.4,-1,-1
348.43,1.1228e-05,0,0,1e+05,1,0.61,-4.39,-1,-1
348.43,1.3281e-05,0,0,1e+05,1,0.62,-4.38,-1,-1
348.43,1.5334e-05,0,0,1e+05,1,0.63,-4.37,-1,-1
348.43,1.7386e-05,0,0,1e+05,1,0.64,-4.36,-1,-1
348.43,1.9439e-05,0,0,1e+05,1,0.65,-4.35,-1,-1
348.43,2.1492e-05,0,0,1e+05,1,0.66,-4.34,-1,-1
348.43,2.3545e-05,0,0,1e+05,1,0.67,-4.33,-1,-1
348.43,2.5598e-05,0,0,1e+05,1,0.68,-4.32,-1,-1
348.43,2.7651e-05,0,0,1e+05,1,0.69,-4.31,-1,-1
348.43,2.9704e-05,0,0,1e+05,1,0.7,-4.3,-1,-1
348.43,3.6065e-05,0,0,1e+05,1,0.71,-4.29,-1,-1
348.43,4.2426e-05,0,0,1e+05,1,0.72,-4.28,-1,-1
348.43,4.8787e-05,0,0,1e+05,1,0.73,-4.27,-1,-1
348.43,5.5148e-05,0,0,1e+05,1,0.74,-4.26,-1,-1
348.43,6.151e-05,0,0,1e+05,1,0.75,-4.25,-1,-1
348.43,6.7871e-05,0,0,1e+05,1,0.76,-4.24,-1,-1
348.43,7.4232e-05,0,0,1e+05,1,0.77,-4.23,-1,-1
348.43,8.0594e-05,0,0,1e+05,1,0.78,-4.22,-1,-1
348.43,8.6955e-05,0,0,1e+05,1,0.79,-4.21,-1,-1
348.43,9.3316e-05,0,0,1e+05,1,0.8,-4.2,-1,-1
348.43,0.0001124,0,0,1e+05,1,0.81,-4.19,-1,-1
348.43,0.00013148,0,0,1e+05,1,0.82,-4.18,-1,-1
348.43,0.00015056,0,0,1e+05,1,0.83,-4.17,-1,-1
348.43,0.00016964,0,0,1e+05,1,0.84,-4.16,-1,-1
348.43,0.00018872,0,0,1e+05,1,0.85,-4.15,-1,-1
348.43,0.0002078,0,0,1e+05,1,0.86,-4.14,-1,-1
348.43,0.00022688,0,0,1e+05,1,0.87,-4.13,-1,-1
348.43,0.00024597,0,0,1e+05,1,0.88,-4.12,-1,-1
348.43,0.00026505,0,0,1e+05,1,0.89,-4.11,-1,-1
348.43,0.00028413,0,0,1e+05,1,0.9,-4.1,-1,-1
348.43,0.00033945,0,0,1e+05,1,0.91,-4.09,-1,-1
348.43,0.00039477,0,0,1e+05,1,0.92,-4.08,-1,-1
348.43,0.00045009,0,0,1e+05,1,0.93,-4.07,-1,-1
348.43,0.00050541,0,0,1e+05,1,0.94,-4.06,-1,-1
348.43,0.00056074,0,0,1e+05,1,0.95,-4.05,-1,-1
348.43,0.00061606,0,0,1e+05,1,0.96,-4.04,-1,-1
348.43,0.00067138,0,0,1e+05,1,0.97,-4.03,-1,-1
348.43,0.0007267,0,0,1e+05,1,0.98,-4.02,-1,-1
348.43,0.00078202,0,0,1e+05,1,0.99,-4.01,-1,-1
348.43,0.00083734,0,0,1e+05,1,1,-4,-1,-1
348.43,0.0009921,0,0,1e+05,1,1.01,-3.99,-1,-1
348.43,0.0011469,0,0,1e+05,1,1.02,-3.98,-1,-1
348.43,0.0013016,0,0,1e+05,1,1.03,-3.97,-1,-1
348.43,0.0014564,0,0,99999,1,1.04,-3.96,-1,-1
348.43,0.0016111,0,0,99999,1,1.05,-3.95,-1,-1
348.43,0.0017659,0,0,99999,1,1.06,-3.94,-1,-1
348.43,0.0019207,0,0,99999,1,1.07,-3.93,-1,-1
348.43,0.0020754,0,0,99999,1,1.08,-3.92,-1,-1
348.43,0.0022302,0,0,99999,1,1.09,-3.91,-1,-1
348.43,0.0023849,0,0,99999,1,1.1,-3.9,-1,-1
348.43,0.0028018,0,0,99999,1,1.11,-3.89,-1,-1
348.43,0.0032187,0,0,99999,1,1.12,-3.88,-1,-1
348.43,0.0036356,0,0,99999,1,1.13,-3.87,-1,-1
348.43,0.0040525,0,0,99999,1,1.14,-3.86,-1,-1
348.43,0.0044694,0,0,99998,1,1.15,-3.85,-1,-1
348.43,0.0048863,0,0,99998,1,1.16,-3.84,-1,-1
348.43,0.0053032,0,0,99998,1,1.17,-3.83,-1,-1
348.43,0.0057201,0,0,99998,1,1.18,-3.82,-1,-1
348.43,0.006137,0,0,99998,1,1.19,-3.81,-1,-1
348.43,0.0065539,0,0,99998,1,1.2,-3.8,-1,-1
348.43,0.007633,0,0,99997,1,1.21,-3.79,-1,-1
348.43,0.008712,0,0,99997,1,1.22,-3.78,-1,-1
348.43,0.0097911,0,0,99996,1,1.23,-3.77,-1,-1
348.43,0.01087,0,0,99996,1,1.24,-3.76,-1,-1
348.43,0.011949,0,0,99996,1,1.25,-3.75,-1,-1
348.43,0.013028,0,0,99995,1,1.26,-3.74,-1,-1
348.43,0.014107,0,0,99995,1,1.27,-3.73,-1,-1
348.43,0.015186,0,0,99994,1,1.28,-3.72,-1,-1
348.43,0.016265,0,0,99994,1,1.29,-3.71,-1,-1
348.43,0.017345,0,0,99994,1,1.3,-3.7,-1,-1
348.42,0.020021,0,0,99993,1,1.31,-3.69,-1,-1
348.42,0.022697,0,0,99992,1,1.32,-3.68,-1,-1
348.42,0.025374,0,0,99991,1,1.33,-3.67,-1,-1
348.42,0.02805,0,0,99990,1,1.34,-3.66,-1,-1
348.42,0.030727,0,0,99989,1,1.35,-3.65,-1,-1
348.42,0.033403,0,0,99988,1,1.36,-3.64,-1,-1
348.42,0.03608,0,0,99987,1,1.37,-3.63,-1,-1
348.42,0.038756,0,0,99986,1,1.38,-3.62,-1,-1
348.42,0.041433,0,0,99985,1,1.39,-3.61,-1,-1
348.42,0.044109,0,0,99984,1,1.4,-3.6,-1,-1
348.41,0.050451,0,0,99982,1,1.41,-3.59,-1,-1
348.41,0.056793,0,0,99979,1,1.42,-3.58,-1,-1
348.41,0.063135,0,0,99977,1,1.43,-3.57,-1,-1
348.41,0.069476,0,0,99975,1,1.44,-3.56,-1,-1
348.4,0.075818,0,0,99972,1,1.45,-3.55,-1,-1
348.4,0.08216,0,0,99970,1,1.46,-3.54,-1,-1
348.4,0.088502,0,0,99968,1,1.47,-3.53,-1,-1
348.4,0.094844,0,0,99966,1,1.48,-3.52,-1,-1
348.4,0.10119,0,0,99963,1,1.49,-3.51,-1,-1
348.39,0.10753,0,0,99961,1,1.5,-3.5,-1,-1
348.39,0.12183,0,0,99956,1,1.51,-3.49,-1,-1
348.38,0.13613,0,0,99951,1,1.52,-3.48,-1,-1
348.38,0.15043,0,0,99945,1,1.53,-3.47,-1,-1
348.37,0.16474,0,0,99940,1,1.54,-3.46,-1,-1
348.37,0.17904,0,0,99935,1,1.55,-3.45,-1,-1
348.36,0.19334,0,0,99930,1,1.56,-3.44,-1,-1
348.36,0.20764,0,0,99924,1,1.57,-3.43,-1,-1
348.35,0.22195,0,0,99919,1,1.58,-3.42,-1,-1
348.35,0.23625,0,0,99914,1,1.59,-3.41,-1,-1
348.34,0.25055,0,0,99909,1,1.6,-3.4,-1,-1
348.33,0.28112,0,0,99898,1,1.61,-3.39,-1,-1
348.32,0.31169,0,0,99886,1,1.62,-3.38,-1,-1
348.31,0.34226,0,0,99875,1,1.63,-3.37,-1,-1
348.3,0.37283,0,0,99864,1,1.64,-3.36,-1,-1
348.29,0.4034,0,0,99853,1,1.65,-3.35,-1,-1
348.27,0.43397,0,0,99842,1,1.66,-3.34,-1,-1
348.26,0.46454,0,0,99830,1,1.67,-3.33,-1,-1
348.25,0.49511,0,0,99819,1,1.68,-3.32,-1,-1
348.24,0.52568,0,0,99808,1,1.69,-3.31,-1,-1
348.23,0.55625,0,0,99797,1,1.7,-3.3,-1,-1
348.21,0.61787,0,0,99774,1,1.71,-3.29,-1,-1
348.18,0.6795,0,0,99752,1,1.72,-3.28,-1,-1
348.16,0.74112,0,0,99729,1,1.73,-3.27,-1,-1
348.14,0.80275,0,0,99706,1,1.74,-3.26,-1,-1
348.12,0.86437,0,0,99684,1,1.75,-3.25,-1,-1
348.09,0.926,0,0,99661,1,1.76,-3.24,-1,-1
348.07,0.98762,0,0,99638,1,1.77,-3.23,-1,-1
348.05,1.0492,0,0,99616,1,1.78,-3.22,-1,-1
348.03,1.1109,0,0,99593,1,1.79,-3.21,-1,-1
348,1.1725,0,0,99570,1,1.8,-3.2,-1,-1
347.96,1.2888,0,0,99528,1,1.81,-3.19,-1,-1
347.92,1.4051,0,0,99485,1,1.82,-3.18,-1,-1
347.87,1.5215,0,0,99442,1,1.83,-3.17,-1,-1
347.83,1.6378,0,0,99399,1,1.84,-3.16,-1,-1
347.79,1.7541,0,0,99356,1,1.85,-3.15,-1,-1
347.75,1.8704,0,0,99313,1,1.86,-3.14,-1,-1
347.7,1.9867,0,0,99270,1,1.87,-3.13,-1,-1
347.66,2.1031,0,0,99227,1,1.88,-3.12,-1,-1
347.62,2.2194,0,0,99185,1,1.89,-3.11,-1,-1
347.57,2.3357,0,0,99142,1,1.9,-3.1,-1,-1
347.5,2.538,0,0,99067,1,1.91,-3.09,-1,-1
347.42,2.7403,0,0,98991,1,1.92,-3.08,-1,-1
347.35,2.9426,0,0,98916,1,1.93,-3.07,-1,-1
347.27,3.1449,0,0,98841,1,1.94,-3.06,-1,-1
347.2,3.3472,0,0,98766,1,1.95,-3.05,-1,-1
347.12,3.5495,0,0,98691,1,1.96,-3.04,-1,-1
347.04,3.7518,0,0,98616,1,1.97,-3.03,-1,-1
346.97,3.9541,0,0,98541,1,1.98,-3.02,-1,-1
346.89,4.1564,0,0,98465,1,1.99,-3.01,-1,-1
346.82,4.3587,0,0,98390,1,2,-3,-1,-1
346.7,4.6746,0,0,98272,1,2.01,-2.99,-1,-1
346.58,4.9904,0,0,98154,1,2.02,-2.98,-1,-1
346.46,5.3063,0,0,98036,1,2.03,-2.97,-1,-1
346.34,5.6222,0,0,97918,1,2.04,-2.96,-1,-1
346.22,5.938,0,0,97800,1,2.05,-2.95,-1,-1
346.1,6.2539,0,0,97682,1,2.06,-2.94,-1,-1
345.98,6.5698,0,0,97564,1,2.07,-2.93,-1,-1
345.86,6.8856,0,0,97446,1,2.08,-2.92,-1,-1
345.74,7.2015,0,0,97328,1,2.09,-2.91,-1,-1
345.62,7.5174,0,0,97210,1,2.1,-2.9,-1,-1
345.46,7.9581,0,0,97047,1,2.11,-2.89,-1,-1
345.29,8.3988,0,0,96884,1,2.12,-2.88,-1,-1
345.12,8.8395,0,0,96722,1,2.13,-2.87,-1,-1
344.96,9.2803,0,0,96559,1,2.14,-2.86,-1,-1
344.79,9.721,0,0,96396,1,2.15,-2.85,-1,-1
344.62,10.162,0,0,96233,1,2.16,-2.84,-1,-1
344.46,10.602,0,0,96071,1,2.17,-2.83,-1,-1
344.29,11.043,0,0,95908,1,2.18,-2.82,-1,-1
344.13,11.484,0,0,95745,1,2.19,-2.81,-1,-1
343.96,11.925,0,0,95582,1,2.2,-2.8,-1,-1
343.75,12.488,0,0,95379,1,2.21,-2.79,-1,-1
343.54,13.051,0,0,95175,1,2.22,-2.78,-1,-1
343.33,13.614,0,0,94972,1,2.23,-2.77,-1,-1
343.12,14.177,0,0,94768,1,2.24,-2.76,-1,-1
342.9,14.74,0,0,94565,1,2.25,-2.75,-1,-1
342.69,15.303,0,0,94361,1,2.26,-2.74,-1,-1
342.48,15.866,0,0,94158,1,2.27,-2.73,-1,-1
342.27,16.429,0,0,93954,1,2.28,-2.72,-1,-1
342.06,16.992,0,0,93751,1,2.29,-2.71,-1,-1
341.85,17.555,0,0,93547,1,2.3,-2.7,-1,-1
341.6,18.231,0,0,93308,1,2.31,-2.69,-1,-1
341.35,18.907,0,0,93069,1,2.32,-2.68,-1,-1
341.1,19.583,0,0,92831,1,2.33,-2.67,-1,-1
340.84,20.258,0,0,92592,1,2.34,-2.66,-1,-1
340.59,20.934,0,0,92353,1,2.35,-2.65,-1,-1
340.34,21.61,0,0,92114,1,2.36,-2.64,-1,-1
340.09,22.286,0,0,91875,1,2.37,-2.63,-1,-1
339.84,22.962,0,0,91636,1,2.38,-2.62,-1,-1
339.59,23.637,0,0,91397,1,2.39,-2.61,-1,-1
339.33,24.313,0,0,91159,1,2.4,-2.6,-1,-1
339.05,25.086,0,0,90893,1,2.41,-2.59,-1,-1
338.76,25.858,0,0,90627,1,2.42,-2.58,-1,-1
338.48,26.63,0,0,90361,1,2.43,-2.57,-1,-1
338.19,27.402,0,0,90095,1,2.44,-2.56,-1,-1
337.91,28.175,0,0,89829,1,2.45,-2.55,-1,-1
337.62,28.947,0,0,89563,1,2.46,-2.54,-1,-1
337.34,29.719,0,0,89297,1,2.47,-2.53,-1,-1
337.05,30.492,0,0,89031,1,2.48,-2.52,-1,-1
336.76,31.264,0,0,88765,1,2.49,-2.51,-1,-1
336.48,32.036,0,0,88499,1,2.5,-2.5,-1,-1
336.17,32.885,0,0,88215,1,2.51,-2.49,-1,-1
335.85,33.734,0,0,87931,1,2.52,-2.48,-1,-1
335.54,34.582,0,0,87647,1,2.53,-2.47,-1,-1
335.23,35.431,0,0,87363,1,2.54,-2.46,-1,-1
334.92,36.279,0,0,87079,1,2.55,-2.45,-1,-1
334.61,37.128,0,0,86795,1,2.56,-2.44,-1,-1
334.3,37.977,0,0,86511,1,2.57,-2.43,-1,-1
333.98,38.825,0,0,86227,1,2.58,-2.42,-1,-1
333.67,39.674,0,0,85943,1,2.59,-2.41,-1,-1
333.36,40.523,0,0,85659,1,2.6,-2.4,-1,-1
333.03,41.428,0,0,85365,1,2.61,-2.39,-1,-1
332.7,42.334,0,0,85071,1,2.62,-2.38,-1,-1
332.37,43.239,0,0,84777,1,2.63,-2.37,-1,-1
332.04,44.145,0,0,84483,1,2.64,-2.36,-1,-1
331.71,45.051,0,0,84189,1,2.65,-2.35,-1,-1
331.38,45.956,0,0,83895,1,2.66,-2.34,-1,-1
331.05,46.862,0,0,83602,1,2.67,-2.33,-1,-1
330.72,47.767,0,0,83308,1,2.68,-2.32,-1,-1
330.39,48.673,0,0,83014,1,2.69,-2.31,-1,-1
330.06,49.578,0,0,82720,1,2.7,-2.3,-1,-1
329.71,50.525,0,0,82422,1,2.71,-2.29,-1,-1
329.37,51.472,0,0,82125,1,2.72,-2.28,-1,-1
329.03,52.418,0,0,81827,1,2.73,-2.27,-1,-1
328.68,53.365,0,0,81530,1,2.74,-2.26,-1,-1
328.34,54.312,0,0,81232,1,2.75,-2.25,-1,-1
328,55.258,0,0,80935,1,2.76,-2.24,-1,-1
327.65,56.205,0,0,80637,1,2.77,-2.23,-1,-1
327.31,57.151,0,0,80340,1,2.78,-2.22,-1,-1
326.97,58.098,0,0,80042,1,2.79,-2.21,-1,-1
326.63,59.045,0,0,79745,1,2.8,-2.2,-1,-1
326.27,60.02,0,0,79448,1,2.81,-2.19,-1,-1
325.92,60.996,0,0,79151,1,2.82,-2.18,-1,-1
325.57,61.971,0,0,78855,1,2.83,-2.17,-1,-1
325.22,62.947,0,0,78558,1,2.84,-2.16,-1,-1
324.87,63.923,0,0,78261,1,2.85,-2.15,-1,-1
324.52,64.898,0,0,77965,1,2.86,-2.14,-1,-1
324.17,65.874,0,0,77668,1,2.87,-2.13,-1,-1
323.82,66.849,0,0,77371,1,2.88,-2.12,-1,-1
323.46,67.825,0,0,77075,1,2.89,-2.11,-1,-1
323.11,68.8,0,0,76778,1,2.9,-2.1,-1,-1
322.76,69.796,0,0,76485,1,2.91,-2.09,-1,-1
322.4,70.792,0,0,76193,1,2.92,-2.08,-1,-1
322.05,71.788,0,0,75900,1,2.93,-2.07,-1,-1
321.69,72.784,0,0,75607,1,2.94,-2.06,-1,-1
321.33,73.78,0,0,75314,1,2.95,-2.05,-1,-1
320.98,74.776,0,0,75022,1,2.96,-2.04,-1,-1
320.62,75.772,0,0,74729,1,2.97,-2.03,-1,-1
320.27,76.768,0,0,74436,1,2.98,-2.02,-1,-1
319.91,77.764,0,0,74143,1,2.99,-2.01,-1,-1
319.55,78.759,0,0,73851,1,3,-2,-1,-1
319.19,79.769,0,0,73564,1,3.01,-1.99,-1,-1
318.84,80.779,0,0,73277,1,3.02,-1.98,-1,-1
318.48,81.789,0,0,72990,1,3.03,-1.97,-1,-1
318.12,82.799,0,0,72703,1,3.04,-1.96,-1,-1
317.76,83.809,0,0,72416,1,3.05,-1.95,-1,-1
317.4,84.819,0,0,72130,1,3.06,-1.94,-1,-1
317.04,85.829,0,0,71843,1,3.07,-1.93,-1,-1
316.68,86.839,0,0,71556,1,3.08,-1.92,-1,-1
316.32,87.849,0,0,71269,1,3.09,-1.91,-1,-1
315.97,88.859,0,0,70982,1,3.1,-1.9,-1,-1
315.61,89.878,0,0,70703,1,3.11,-1.89,-1,-1
315.25,90.898,0,0,70423,1,3.12,-1.88,-1,-1
314.89,91.917,0,0,70143,1,3.13,-1.87,-1,-1
314.53,92.937,0,0,69864,1,3.14,-1.86,-1,-1
314.17,93.956,0,0,69584,1,3.15,-1.85,-1,-1
313.81,94.975,0,0,69304,1,3.16,-1.84,-1,-1
313.45,95.995,0,0,69025,1,3.17,-1.83,-1,-1
313.09,97.014,0,0,68745,1,3.18,-1.82,-1,-1
312.73,98.034,0,0,68466,1,3.19,-1.81,-1,-1
312.37,99.053,0,0,68186,1,3.2,-1.8,-1,-1
312.01,100.08,0,0,67914,1,3.21,-1.79,-1,-1
311.65,101.1,0,0,67643,1,3.22,-1.78,-1,-1
311.29,102.13,0,0,67371,1,3.23,-1.77,-1,-1
310.93,103.15,0,0,67100,1,3.24,-1.76,-1,-1
310.57,104.18,0,0,66828,1,3.25,-1.75,-1,-1
310.21,105.2,0,0,66557,1,3.26,-1.74,-1,-1
309.85,106.23,0,0,66285,1,3.27,-1.73,-1,-1
309.49,107.26,0,0,66014,1,3.28,-1.72,-1,-1
309.13,108.28,0,0,65742,1,3.29,-1.71,-1,-1
308.77,109.31,0,0,65470,1,3.3,-1.7,-1,-1
308.42,110.33,0,0,65208,1,3.31,-1.69,-1,-1
308.06,111.36,0,0,64945,1,3.32,-1.68,-1,-1
307.7,112.39,0,0,64682,1,3.33,-1.67,-1,-1
307.34,113.42,0,0,64419,1,3.34,-1.66,-1,-1
306.99,114.45,0,0,64156,1,3.35,-1.65,-1,-1
306.63,115.48,0,0,63893,1,3.36,-1.64,-1,-1
306.27,116.51,0,0,63631,1,3.37,-1.63,-1,-1
305.91,117.53,0,0,63368,1,3.38,-1.62,-1,-1
305.56,118.56,0,0,63105,1,3.39,-1.61,-1,-1
305.2,119.59,0,0,62842,1,3.4,-1.6,-1,-1
304.84,120.62,0,0,62588,1,3.41,-1.59,-1,-1
304.48,121.65,0,0,62334,1,3.42,-1.58,-1,-1
304.13,122.68,0,0,62080,1,3.43,-1.57,-1,-1
303.77,123.71,0,0,61826,1,3.44,-1.56,-1,-1
303.41,124.74,0,0,61573,1,3.45,-1.55,-1,-1
303.05,125.76,0,0,61319,1,3.46,-1.54,-1,-1
302.69,126.79,0,0,61065,1,3.47,-1.53,-1,-1
302.34,127.82,0,0,60811,1,3.48,-1.52,-1,-1
301.98,128.85,0,0,60557,1,3.49,-1.51,-1,-1
301.62,129.88,0,0,60303,1,3.5,-1.5,-1,-1
301.27,130.91,0,0,60059,1,3.51,-1.49,-1,-1
300.93,131.94,0,0,59814,1,3.52,-1.48,-1,-1
300.58,132.96,0,0,59570,1,3.53,-1.47,-1,-1
300.23,133.99,0,0,59326,1,3.54,-1.46,-1,-1
299.89,135.02,0,0,59081,1,3.55,-1.45,-1,-1
299.54,136.05,0,0,58837,1,3.56,-1.44,-1,-1
299.19,137.08,0,0,58592,1,3.57,-1.43,-1,-1
298.85,138.1,0,0,58348,1,3.58,-1.42,-1,-1
298.5,139.13,0,0,58104,1,3.59,-1.41,-1,-1
298.15,140.16,0,0,57859,1,3.6,-1.4,-1,-1
297.79,141.18,0,0,57624,1,3.61,-1.39,-1,-1
297.43,142.21,0,0,57389,1,3.62,-1.38,-1,-1
297.06,143.23,0,0,57153,1,3.63,-1.37,-1,-1
296.7,144.25,0,0,56918,1,3.64,-1.36,-1,-1
296.34,145.28,0,0,56683,1,3.65,-1.35,-1,-1
295.97,146.3,0,0,56448,1,3.66,-1.34,-1,-1
295.61,147.32,0,0,56212,1,3.67,-1.33,-1,-1
295.24,148.34,0,0,55977,1,3.68,-1.32,-1,-1
294.88,149.37,0,0,55742,1,3.69,-1.31,-1,-1
294.52,150.39,0,0,55507,1,3.7,-1.3,-1,-1
294.2,151.41,0,0,55281,1,3.71,-1.29,-1,-1
293.87,152.43,0,0,55056,1,3.72,-1.28,-1,-1
293.55,153.44,0,0,54831,1,3.73,-1.27,-1,-1
293.23,154.46,0,0,54606,1,3.74,-1.26,-1,-1
292.91,155.48,0,0,54380,1,3.75,-1.25,-1,-1
292.59,156.5,0,0,54155,1,3.76,-1.24,-1,-1
292.26,157.51,0,0,53930,1,3.77,-1.23,-1,-1
291.94,158.53,0,0,53705,1,3.78,-1.22,-1,-1
291.62,159.55,0,0,53479,1,3.79,-1.21,-1,-1
291.3,160.57,0,0,53254,1,3.8,-1.2,-1,-1
290.94,161.58,0,0,53038,1,3.81,-1.19,-1,-1
290.58,162.59,0,0,52823,1,3.82,-1.18,-1,-1
290.23,163.6,0,0,52607,1,3.83,-1.17,-1,-1
289.87,164.61,0,0,52391,1,3.84,-1.16,-1,-1
289.51,165.62,0,0,52176,1,3.85,-1.15,-1,-1
289.16,166.63,0,0,51960,1,3.86,-1.14,-1,-1
288.8,167.64,0,0,51744,1,3.87,-1.13,-1,-1
288.44,168.65,0,0,51529,1,3.88,-1.12,-1,-1
288.09,169.66,0,0,51313,1,3.89,-1.11,-1,-1
287.73,170.67,0,0,51097,1,3.9,-1.1,-1,-1
287.38,171.67,0,0,50891,1,3.91,-1.09,-1,-1
287.03,172.66,0,0,50685,1,3.92,-1.08,-1,-1
286.68,173.66,0,0,50478,1,3.93,-1.07,-1,-1
286.33,174.66,0,0,50272,1,3.94,-1.06,-1,-1
285.98,175.65,0,0,50066,1,3.95,-1.05,-1,-1
285.63,176.65,0,0,49860,1,3.96,-1.04,-1,-1
285.28,177.65,0,0,49653,1,3.97,-1.03,-1,-1
284.93,178.64,0,0,49447,1,3.98,-1.02,-1,-1
284.58,179.64,0,0,49241,1,3.99,-1.01,-1,-1
284.23,180.64,0,0,49034,1,4,-1,-1,-1
283.96,181.62,0,0,48839,1,4.01,-0.99,-1,-1
283.69,182.61,0,0,48643,1,4.02,-0.98,-1,-1
283.43,183.6,0,0,48447,1,4.03,-0.97,-1,-1
283.16,184.58,0,0,48251,1,4.04,-0.96,-1,-1
282.89,185.57,0,0,48056,1,4.05,-0.95,-1,-1
282.62,186.56,0,0,47860,1,4.06,-0.94,-1,-1
282.35,187.54,0,0,47664,1,4.07,-0.93,-1,-1
282.09,188.53,0,0,47468,1,4.08,-0.92,-1,-1
281.82,189.52,0,0,47273,1,4.09,-0.91,-1,-1
281.55,190.5,0,0,47077,1,4.1,-0.9,-1,-1
281.18,191.47,0,0,46890,1,4.11,-0.89,-1,-1
280.82,192.44,0,0,46704,1,4.12,-0.88,-1,-1
280.45,193.41,0,0,46518,1,4.13,-0.87,-1,-1
280.08,194.38,0,0,46331,1,4.14,-0.86,-1,-1
279.72,195.35,0,0,46145,1,4.15,-0.85,-1,-1
279.35,196.32,0,0,45958,1,4.16,-0.84,-1,-1
278.98,197.29,0,0,45772,1,4.17,-0.83,-1,-1
278.62,198.26,0,0,45586,1,4.18,-0.82,-1,-1
278.25,199.23,0,0,45399,1,4.19,-0.81,-1,-1
277.88,200.21,0,0,45213,1,4.2,-0.8,-1,-1
277.54,201.15,0,0,45036,1,4.21,-0.79,-1,-1
277.19,202.1,0,0,44860,1,4.22,-0.78,-1,-1
276.85,203.05,0,0,44683,1,4.23,-0.77,-1,-1
276.5,203.99,0,0,44507,1,4.24,-0.76,-1,-1
276.16,204.94,0,0,44330,1,4.25,-0.75,-1,-1
275.81,205.89,0,0,44154,1,4.26,-0.74,-1,-1
275.47,206.84,0,0,43977,1,4.27,-0.73,-1,-1
275.12,207.78,0,0,43801,1,4.28,-0.72,-1,-1
274.78,208.73,0,0,43624,1,4.29,-0.71,-1,-1
274.43,209.68,0,0,43447,1,4.3,-0.7,-1,-1
274.21,210.61,0,0,43281,1,4.31,-0.69,-1,-1
273.99,211.53,0,0,43115,1,4.32,-0.68,-1,-1
273.77,212.46,0,0,42949,1,4.33,-0.67,-1,-1
273.54,213.39,0,0,42783,1,4.34,-0.66,-1,-1
273.32,214.31,0,0,42617,1,4.35,-0.65,-1,-1
273.1,215.24,0,0,42451,1,4.36,-0.64,-1,-1
272.88,216.17,0,0,42285,1,4.37,-0.63,-1,-1
272.66,217.09,0,0,42119,1,4.38,-0.62,-1,-1
272.43,218.02,0,0,41953,1,4.39,-0.61,-1,-1
272.21,218.95,0,0,41787,1,4.4,-0.6,-1,-1
271.94,219.85,0,0,41631,1,4.41,-0.59,-1,-1
271.67,220.75,0,0,41475,1,4.42,-0.58,-1,-1
271.4,221.65,0,0,41320,1,4.43,-0.57,-1,-1
271.13,222.55,0,0,41164,1,4.44,-0.56,-1,-1
270.86,223.45,0,0,41008,1,4.45,-0.55,-1,-1
270.59,224.35,0,0,40852,1,4.46,-0.54,-1,-1
270.32,225.25,0,0,40697,1,4.47,-0.53,-1,-1
270.05,226.15,0,0,40541,1,4.48,-0.52,-1,-1
269.78,227.05,0,0,40385,1,4.49,-0.51,-1,-1
269.51,227.95,0,0,40230,1,4.5,-0.5,-1,-1
269.15,228.81,0,0,40084,1,4.51,-0.49,-1,-1
268.78,229.68,0,0,39939,1,4.52,-0.48,-1,-1
268.42,230.54,0,0,39794,1,4.53,-0.47,-1,-1
268.06,231.4,0,0,39649,1,4.54,-0.46,-1,-1
267.69,232.27,0,0,39503,1,4.55,-0.45,-1,-1
267.33,233.13,0,0,39358,1,4.56,-0.44,-1,-1
266.96,234,0,0,39213,1,4.57,-0.43,-1,-1
266.6,234.86,0,0,39068,1,4.58,-0.42,-1,-1
266.24,235.73,0,0,38923,1,4.59,-0.41,-1,-1
265.87,236.59,0,0,38777,1,4.6,-0.4,-1,-1
265.59,237.42,0,0,38643,1,4.61,-0.39,-1,-1
265.3,238.25,0,0,38508,1,4.62,-0.38,-1,-1
265.01,239.07,0,0,38374,1,4.63,-0.37,-1,-1
264.72,239.9,0,0,38239,1,4.64,-0.36,-1,-1
264.44,240.73,0,0,38104,1,4.65,-0.35,-1,-1
264.15,241.56,0,0,37970,1,4.66,-0.34,-1,-1
263.86,242.38,0,0,37835,1,4.67,-0.33,-1,-1
263.57,243.21,0,0,37700,1,4.68,-0.32,-1,-1
263.29,244.04,0,0,37566,1,4.69,-0.31,-1,-1
263,244.86,0,0,37431,1,4.7,-0.3,-1,-1
262.85,245.65,0,0,37307,1,4.71,-0.29,-1,-1
262.69,246.43,0,0,37184,1,4.72,-0.28,-1,-1
262.54,247.22,0,0,37060,1,4.73,-0.27,-1,-1
262.39,248,0,0,36936,1,4.74,-0.26,-1,-1
262.23,248.79,0,0,36812,1,4.75,-0.25,-1,-1
262.08,249.57,0,0,36688,1,4.76,-0.24,-1,-1
261.93,250.35,0,0,36564,1,4.77,-0.23,-1,-1
261.77,251.14,0,0,36440,1,4.78,-0.22,-1,-1
261.62,251.92,0,0,36316,1,4.79,-0.21,-1,-1
261.47,252.71,0,0,36193,1,4.8,-0.2,-1,-1
261.31,253.44,0,0,36080,1,4.81,-0.19,-1,-1
261.15,254.17,0,0,35968,1,4.82,-0.18,-1,-1
260.99,254.9,0,0,35856,1,4.83,-0.17,-1,-1
260.84,255.63,0,0,35744,1,4.84,-0.16,-1,-1
260.68,256.36,0,0,35632,1,4.85,-0.15,-1,-1
260.52,257.09,0,0,35520,1,4.86,-0.14,-1,-1
260.36,257.82,0,0,35407,1,4.87,-0.13,-1,-1
260.21,258.55,0,0,35295,1,4.88,-0.12,-1,-1
260.05,259.28,0,0,35183,1,4.89,-0.11,-1,-1
259.89,260.01,0,0,35071,1,4.9,-0.1,-1,-1
259.63,260.68,0,0,34971,1,4.91,-0.09,-1,-1
259.36,261.35,0,0,34871,1,4.92,-0.08,-1,-1
259.1,262.02,0,0,34771,1,4.93,-0.07,-1,-1
258.84,262.69,0,0,34672,1,4.94,-0.06,-1,-1
258.58,263.36,0,0,34572,1,4.95,-0.05,-1,-1
258.31,264.02,0,0,34472,1,4.96,-0.04,-1,-1
258.05,264.69,0,0,34372,1,4.97,-0.03,-1,-1
257.79,265.36,0,0,34272,1,4.98,-0.02,-1,-1
257.52,266.03,0,0,34172,1,4.99,-0.01,-1,-1
257.26,266.7,0,0,34073,1,5,0,-1,-1
256.98,267.31,0,0,33985,1,5.01,0.01,-1,-1
256.7,267.91,0,0,33897,1,5.02,0.02,-1,-1
256.42,268.51,0,0,33809,1,5.03,0.03,-1,-1
256.14,269.12,0,0,33721,1,5.04,0.04,-1,-1
255.86,269.72,0,0,33633,1,5.05,0.05,-1,-1
255.57,270.32,0,0,33545,1,5.06,0.06,-1,-1
255.29,270.93,0,0,33458,1,5.07,0.07,-1,-1
255.01,271.53,0,0,33370,1,5.08,0.08,-1,-1
254.73,272.13,0,0,33282,1,5.09,0.09,-1,-1
254.45,272.74,0,0,33194,1,5.1,0.1,-1,-1
254.29,273.27,0,0,33118,1,5.11,0.11,-1,-1
254.13,273.8,0,0,33043,1,5.12,0.12,-1,-1
253.97,274.34,0,0,32967,1,5.13,0.13,-1,-1
253.81,274.87,0,0,32891,1,5.14,0.14,-1,-1
253.65,275.4,0,0,32816,1,5.15,0.15,-1,-1
253.48,275.93,0,0,32740,1,5.16,0.16,-1,-1
253.32,276.47,0,0,32664,1,5.17,0.17,-1,-1
253.16,277,0,0,32588,1,5.18,0.18,-1,-1
253,277.53,0,0,32513,1,5.19,0.19,-1,-1
252.84,278.07,0,0,32437,1,5.2,0.2,-1,-1
252.8,278.52,0,0,32374,1,5.21,0.21,-1,-1
252.77,278.97,0,0,32311,1,5.22,0.22,-1,-1
252.73,279.42,0,0,32248,1,5.23,0.23,-1,-1
252.69,279.87,0,0,32185,1,5.24,0.24,-1,-1
252.65,280.32,0,0,32122,1,5.25,0.25,-1,-1
252.62,280.77,0,0,32059,1,5.26,0.26,-1,-1
252.58,281.23,0,0,31996,1,5.27,0.27,-1,-1
252.54,281.68,0,0,31933,1,5.28,0.28,-1,-1
252.5,282.13,0,0,31870,1,5.29,0.29,-1,-1
252.46,282.58,0,0,31807,1,5.3,0.3,-1,-1
252.45,282.93,0,0,31755,1,5.31,0.31,-1,-1
252.44,283.28,0,0,31704,1,5.32,0.32,-1,-1
252.43,283.63,0,0,31652,1,5.33,0.33,-1,-1
252.42,283.99,0,0,31600,1,5.34,0.34,-1,-1
252.4,284.34,0,0,31549,1,5.35,0.35,-1,-1
252.39,284.69,0,0,31497,1,5.36,0.36,-1,-1
252.38,285.04,0,0,31446,1,5.37,0.37,-1,-1
252.37,285.39,0,0,31394,1,5.38,0.38,-1,-1
252.36,285.74,0,0,31343,1,5.39,0.39,-1,-1
252.34,286.1,0,0,31291,1,5.4,0.4,-1,-1
252.27,286.36,0,0,31255,1,5.41,0.41,-1,-1
252.2,286.63,0,0,31218,1,5.42,0.42,-1,-1
252.13,286.9,0,0,31182,1,5.43,0.43,-1,-1
252.06,287.16,0,0,31145,1,5.44,0.44,-1,-1
251.99,287.43,0,0,31109,1,5.45,0.45,-1,-1
251.92,287.7,0,0,31072,1,5.46,0.46,-1,-1
251.85,287.97,0,0,31036,1,5.47,0.47,-1,-1
251.78,288.23,0,0,30999,1,5.48,0.48,-1,-1
251.71,288.5,0,0,30963,1,5.49,0.49,-1,-1
251.64,288.77,0,0,30926,1,5.5,0.5,-1,-1
251.52,288.96,0,0,30901,1,5.51,0.51,-1,-1
251.4,289.16,0,0,30875,1,5.52,0.52,-1,-1
251.28,289.36,0,0,30849,1,5.53,0.53,-1,-1
251.16,289.56,0,0,30824,1,5.54,0.54,-1,-1
251.05,289.76,0,0,30798,1,5.55,0.55,-1,-1
250.93,289.96,0,0,30772,1,5.56,0.56,-1,-1
250.81,290.16,0,0,30747,1,5.57,0.57,-1,-1
250.69,290.35,0,0,30721,1,5.58,0.58,-1,-1
250.57,290.55,0,0,30695,1,5.59,0.59,-1,-1
250.45,290.75,0,0,30670,1,5.6,0.6,-1,-1
250.38,290.88,0,0,30652,1,5.61,0.61,-1,-1
250.31,291.01,0,0,30634,1,5.62,0.62,-1,-1
250.23,291.14,0,0,30616,1,5.63,0.63,-1,-1
250.16,291.27,0,0,30598,1,5.64,0.64,-1,-1
250.09,291.4,0,0,30580,1,5.65,0.65,-1,-1
250.01,291.53,0,0,30562,1,5.66,0.66,-1,-1
249.94,291.66,0,0,30544,1,5.67,0.67,-1,-1
249.87,291.79,0,0,30526,1,5.68,0.68,-1,-1
249.8,291.92,0,0,30508,1,5.69,0.69,-1,-1
249.72,292.05,0,0,30490,1,5.7,0.7,-1,-1
249.72,292.13,0,0,30481,1,5.71,0.71,-1,-1
249.72,292.2,0,0,30472,1,5.72,0.72,-1,-1
249.72,292.28,0,0,30463,1,5.73,0.73,-1,-1
249.72,292.36,0,0,30454,1,5.74,0.74,-1,-1
249.72,292.44,0,0,30444,1,5.75,0.75,-1,-1
249.72,292.52,0,0,30435,1,5.76,0.76,-1,-1
249.72,292.6,0,0,30426,1,5.77,0.77,-1,-1
249.72,292.67,0,0,30417,1,5.78,0.78,-1,-1
249.72,292.75,0,0,30408,1,5.79,0.79,-1,-1
249.72,292.83,0,0,30399,1,5.8,0.8,-1,-1
249.78,292.86,0,0,30393,1,5.81,0.81,-1,-1
249.84,292.9,0,0,30387,1,5.82,0.82,-1,-1
249.9,292.93,0,0,30380,1,5.83,0.83,-1,-1
249.95,292.97,0,0,30374,1,5.84,0.84,-1,-1
250.01,293,0,0,30368,1,5.85,0.85,-1,-1
250.07,293.04,0,0,30362,1,5.86,0.86,-1,-1
250.12,293.07,0,0,30356,1,5.87,0.87,-1,-1
250.18,293.1,0,0,30350,1,5.88,0.88,-1,-1
250.24,293.14,0,0,30344,1,5.89,0.89,-1,-1
250.3,293.17,0,0,30338,1,5.9,0.9,-1,-1
250.38,293.18,0,0,30335,1,5.91,0.91,-1,-1
250.47,293.18,0,0,30332,1,5.92,0.92,-1,-1
250.56,293.19,0,0,30330,1,5.93,0.93,-1,-1
250.65,293.19,0,0,30327,1,5.94,0.94,-1,-1
250.73,293.19,0,0,30325,1,5.95,0.95,-1,-1
250.82,293.2,0,0,30322,1,5.96,0.96,-1,-1
250.91,293.2,0,0,30319,1,5.97,0.97,-1,-1
251,293.21,0,0,30317,1,5.98,0.98,-1,-1
251.08,293.21,0,0,30314,1,5.99,0.99,-1,-1
251.17,293.21,0,0,30312,1,6,1,-1,-1
251.22,293.21,0,0,30312,1,6.01,1.01,-1,-1
251.27,293.21,0,0,30312,1,6.02,1.02,-1,-1
251.33,293.21,0,0,30312,1,6.03,1.03,-1,-1
251.38,293.21,0,0,30312,1,6.04,1.04,-1,-1
251.43,293.21,0,0,30312,1,6.05,1.05,-1,-1
251.48,293.21,0,0,30312,1,6.06,1.06,-1,-1
251.53,293.21,0,0,30312,1,6.07,1.07,-1,-1
251.58,293.21,0,0,30312,1,6.08,1.08,-1,-1
251.63,293.21,0,0,30312,1,6.09,1.09,-1,-1
251.69,293.2,0,0,30312,1,6.1,1.1,-1,-1
251.68,293.21,0,0,30312,1,6.11,1.11,-1,-1
251.68,293.21,0,0,30311,1,6.12,1.12,-1,-1
251.67,293.21,0,0,30311,1,6.13,1.13,-1,-1
251.67,293.21,0,0,30311,1,6.14,1.14,-1,-1
251.66,293.21,0,0,30311,1,6.15,1.15,-1,-1
251.65,293.21,0,0,30311,1,6.16,1.16,-1,-1
251.65,293.21,0,0,30311,1,6.17,1.17,-1,-1
251.64,293.22,0,0,30311,1,6.18,1.18,-1,-1
251.64,293.22,0,0,30311,1,6.19,1.19,-1,-1
251.63,293.22,0,0,30310,1,6.2,1.2,-1,-1
251.56,293.22,0,0,30310,1,6.21,1.21,-1,-1
251.5,293.23,0,0,30310,1,6.22,1.22,-1,-1
251.43,293.23,0,0,30310,1,6.23,1.23,-1,-1
251.36,293.23,0,0,30310,1,6.24,1.24,-1,-1
251.29,293.24,0,0,30310,1,6.25,1.25,-1,-1
251.22,293.24,0,0,30310,1,6.26,1.26,-1,-1
251.15,293.24,0,0,30310,1,6.27,1.27,-1,-1
251.08,293.25,0,0,30310,1,6.28,1.28,-1,-1
251.01,293.25,0,0,30310,1,6.29,1.29,-1,-1
250.95,293.26,0,0,30310,1,6.3,1.3,-1,-1
250.85,293.26,0,0,30310,1,6.31,1.31,-1,-1
250.75,293.27,0,0,30310,1,6.32,1.32,-1,-1
250.65,293.28,0,0,30310,1,6.33,1.33,-1,-1
250.55,293.29,0,0,30311,1,6.34,1.34,-1,-1
250.46,293.29,0,0,30311,1,6.35,1.35,-1,-1
250.36,293.3,0,0,30311,1,6.36,1.36,-1,-1
250.26,293.31,0,0,30311,1,6.37,1.37,-1,-1
250.16,293.32,0,0,30311,1,6.38,1.38,-1,-1
250.06,293.32,0,0,30311,1,6.39,1.39,-1,-1
249.97,293.33,0,0,30311,1,6.4,1.4,-1,-1
249.91,293.34,0,0,30311,1,6.41,1.41,-1,-1
249.86,293.35,0,0,30312,1,6.42,1.42,-1,-1
249.8,293.36,0,0,30312,1,6.43,1.43,-1,-1
249.75,293.38,0,0,30312,1,6.44,1.44,-1,-1
249.69,293.39,0,0,30312,1,6.45,1.45,-1,-1
249.64,293.4,0,0,30312,1,6.46,1.46,-1,-1
249.59,293.41,0,0,30312,1,6.47,1.47,-1,-1
249.53,293.42,0,0,30313,1,6.48,1.48,-1,-1
249.48,293.43,0,0,30313,1,6.49,1.49,-1,-1
249.42,293.44,0,0,30313,1,6.5,1.5,-1,-1
249.45,293.46,0,0,30313,1,6.51,1.51,-1,-1
249.47,293.48,0,0,30314,1,6.52,1.52,-1,-1
249.49,293.49,0,0,30314,1,6.53,1.53,-1,-1
249.52,293.51,0,0,30315,1,6.54,1.54,-1,-1
249.54,293.53,0,0,30315,1,6.55,1.55,-1,-1
249.56,293.54,0,0,30315,1,6.56,1.56,-1,-1
249.59,293.56,0,0,30316,1,6.57,1.57,-1,-1
249.61,293.58,0,0,30316,1,6.58,1.58,-1,-1
249.63,293.6,0,0,30317,1,6.59,1.59,-1,-1
249.66,293.61,0,0,30317,1,6.6,1.6,-1,-1
249.99,293.64,0,0,30317,1,6.61,1.61,-1,-1
250.32,293.66,0,0,30318,1,6.62,1.62,-1,-1
250.66,293.69,0,0,30318,1,6.63,1.63,-1,-1
250.99,293.71,0,0,30318,1,6.64,1.64,-1,-1
251.32,293.74,0,0,30319,1,6.65,1.65,-1,-1
251.66,293.76,0,0,30319,1,6.66,1.66,-1,-1
251.99,293.79,0,0,30319,1,6.67,1.67,-1,-1
252.32,293.81,0,0,30320,1,6.68,1.68,-1,-1
252.65,293.83,0,0,30320,1,6.69,1.69,-1,-1
252.99,293.86,0,0,30320,1,6.7,1.7,-1,-1
254.42,293.87,0,0,30318,1,6.71,1.71,-1,-1
255.84,293.88,0,0,30316,1,6.72,1.72,-1,-1
257.27,293.9,0,0,30314,1,6.73,1.73,-1,-1
258.7,293.91,0,0,30312,1,6.74,1.74,-1,-1
260.13,293.92,0,0,30310,1,6.75,1.75,-1,-1
261.56,293.94,0,0,30308,1,6.76,1.76,-1,-1
262.99,293.95,0,0,30306,1,6.77,1.77,-1,-1
264.42,293.96,0,0,30304,1,6.78,1.78,-1,-1
265.85,293.97,0,0,30302,1,6.79,1.79,-1,-1
267.27,293.99,0,0,30300,1,6.8,1.8,-1,-1
270.07,293.96,0,0,30298,1,6.81,1.81,-1,-1
272.87,293.94,0,0,30295,1,6.82,1.82,-1,-1
275.67,293.92,0,0,30292,1,6.83,1.83,-1,-1
278.47,293.9,0,0,30289,1,6.84,1.84,-1,-1
281.27,293.88,0,0,30286,1,6.85,1.85,-1,-1
284.07,293.85,0,0,30284,1,6.86,1.86,-1,-1
286.87,293.83,0,0,30281,1,6.87,1.87,-1,-1
289.67,293.81,0,0,30278,1,6.88,1.88,-1,-1
292.47,293.79,0,0,30275,1,6.89,1.89,-1,-1
295.27,293.76,0,0,30272,1,6.9,1.9,-1,-1
298.43,293.73,0,0,30272,1,6.91,1.91,-1,-1
301.6,293.69,0,0,30271,1,6.92,1.92,-1,-1
304.76,293.66,0,0,30271,1,6.93,1.93,-1,-1
307.92,293.62,0,0,30270,1,6.94,1.94,-1,-1
311.08,293.59,0,0,30269,1,6.95,1.95,-1,-1
314.25,293.55,0,0,30269,1,6.96,1.96,-1,-1
317.41,293.51,0,0,30268,1,6.97,1.97,-1,-1
320.57,293.48,0,0,30267,1,6.98,1.98,-1,-1
323.74,293.44,0,0,30267,1,6.99,1.99,-1,-1
326.9,293.41,0,0,30266,1,7,2,-1,-1
329.58,293.39,0,0,30266,1,7.01,2.01,-1,-1
332.25,293.37,0,0,30267,1,7.02,2.02,-1,-1
334.92,293.35,0,0,30268,1,7.03,2.03,-1,-1
337.6,293.33,0,0,30268,1,7.04,2.04,-1,-1
340.27,293.31,0,0,30269,1,7.05,2.05,-1,-1
342.95,293.29,0,0,30270,1,7.06,2.06,-1,-1
345.62,293.27,0,0,30270,1,7.07,2.07,-1,-1
348.29,293.25,0,0,30271,1,7.08,2.08,-1,-1
350.97,293.23,0,0,30271,1,7.09,2.09,-1,-1
353.64,293.21,0,0,30272,1,7.1,2.1,-1,-1
355.66,293.21,0,0,30273,1,7.11,2.11,-1,-1
357.68,293.21,0,0,30273,1,7.12,2.12,-1,-1
359.7,293.21,0,0,30273,1,7.13,2.13,-1,-1
361.72,293.21,0,0,30274,1,7.14,2.14,-1,-1
363.73,293.2,0,0,30274,1,7.15,2.15,-1,-1
365.75,293.2,0,0,30275,1,7.16,2.16,-1,-1
367.77,293.2,0,0,30275,1,7.17,2.17,-1,-1
369.79,293.2,0,0,30275,1,7.18,2.18,-1,-1
371.81,293.2,0,0,30276,1,7.19,2.19,-1,-1
373.83,293.2,0,0,30276,1,7.2,2.2,-1,-1
375.2,293.21,0,0,30276,1,7.21,2.21,-1,-1
376.58,293.22,0,0,30275,1,7.22,2.22,-1,-1
377.96,293.22,0,0,30274,1,7.23,2.23,-1,-1
379.33,293.23,0,0,30274,1,7.24,2.24,-1,-1
380.71,293.24,0,0,30273,1,7.25,2.25,-1,-1
382.08,293.25,0,0,30273,1,7.26,2.26,-1,-1
383.46,293.26,0,0,30272,1,7.27,2.27,-1,-1
384.84,293.27,0,0,30271,1,7.28,2.28,-1,-1
386.21,293.28,0,0,30271,1,7.29,2.29,-1,-1
387.59,293.28,0,0,30270,1,7.3,2.3,-1,-1
388.42,293.29,0,0,30270,1,7.31,2.31,-1,-1
389.25,293.3,0,0,30269,1,7.32,2.32,-1,-1
390.09,293.31,0,0,30269,1,7.33,2.33,-1,-1
390.92,293.32,0,0,30268,1,7.34,2.34,-1,-1
391.75,293.33,0,0,30268,1,7.35,2.35,-1,-1
392.59,293.34,0,0,30267,1,7.36,2.36,-1,-1
393.42,293.35,0,0,30267,1,7.37,2.37,-1,-1
394.25,293.35,0,0,30266,1,7.38,2.38,-1,-1
395.09,293.36,0,0,30266,1,7.39,2.39,-1,-1
395.92,293.37,0,0,30265,1,7.4,2.4,-1,-1
396.34,293.37,0,0,30265,1,7.41,2.41,-1,-1
396.76,293.38,0,0,30265,1,7.42,2.42,-1,-1
397.18,293.38,0,0,30265,1,7.43,2.43,-1,-1
397.6,293.38,0,0,30265,1,7.44,2.44,-1,-1
398.02,293.38,0,0,30265,1,7.45,2.45,-1,-1
398.44,293.38,0,0,30265,1,7.46,2.46,-1,-1
398.86,293.38,0,0,30265,1,7.47,2.47,-1,-1
399.28,293.38,0,0,30265,1,7.48,2.48,-1,-1
399.69,293.39,0,0,30265,1,7.49,2.49,-1,-1
400.11,293.39,0,0,30265,1,7.5,2.5,-1,-1
400.26,293.38,0,0,30265,1,7.51,2.51,-1,-1
400.41,293.37,0,0,30265,1,7.52,2.52,-1,-1
400.56,293.36,0,0,30265,1,7.53,2.53,-1,-1
400.7,293.35,0,0,30264,1,7.54,2.54,-1,-1
400.85,293.34,0,0,30264,1,7.55,2.55,-1,-1
401,293.33,0,0,30264,1,7.56,2.56,-1,-1
401.15,293.32,0,0,30263,1,7.57,2.57,-1,-1
401.29,293.31,0,0,30263,1,7.58,2.58,-1,-1
401.44,293.3,0,0,30263,1,7.59,2.59,-1,-1
401.59,293.29,0,0,30263,1,7.6,2.6,-1,-1
401.58,293.27,0,0,30262,1,7.61,2.61,-1,-1
401.57,293.25,0,0,30261,1,7.62,2.62,-1,-1
401.57,293.23,0,0,30260,1,7.63,2.63,-1,-1
401.56,293.21,0,0,30260,1,7.64,2.64,-1,-1
401.55,293.19,0,0,30259,1,7.65,2.65,-1,-1
401.55,293.17,0,0,30258,1,7.66,2.66,-1,-1
401.54,293.15,0,0,30257,1,7.67,2.67,-1,-1
401.53,293.13,0,0,30257,1,7.68,2.68,-1,-1
401.53,293.11,0,0,30256,1,7.69,2.69,-1,-1
401.52,293.09,0,0,30255,1,7.7,2.7,-1,-1
401.39,293.07,0,0,30255,1,7.71,2.71,-1,-1
401.26,293.05,0,0,30254,1,7.72,2.72,-1,-1
401.13,293.03,0,0,30254,1,7.73,2.73,-1,-1
401,293,0,0,30253,1,7.74,2.74,-1,-1
400.87,292.98,0,0,30253,1,7.75,2.75,-1,-1
400.74,292.96,0,0,30252,1,7.76,2.76,-1,-1
400.61,292.94,0,0,30252,1,7.77,2.77,-1,-1
400.47,292.91,0,0,30252,1,7.78,2.78,-1,-1
400.34,292.89,0,0,30251,1,7.79,2.79,-1,-1
400.21,292.87,0,0,30251,1,7.8,2.8,-1,-1
400.02,292.84,0,0,30249,1,7.81,2.81,-1,-1
399.83,292.81,0,0,30247,1,7.82,2.82,-1,-1
399.65,292.79,0,0,30246,1,7.83,2.83,-1,-1
399.46,292.76,0,0,30244,1,7.84,2.84,-1,-1
399.27,292.73,0,0,30242,1,7.85,2.85,-1,-1
399.08,292.71,0,0,30240,1,7.86,2.86,-1,-1
398.89,292.68,0,0,30239,1,7.87,2.87,-1,-1
398.7,292.65,0,0,30237,1,7.88,2.88,-1,-1
398.51,292.62,0,0,30235,1,7.89,2.89,-1,-1
398.32,292.6,0,0,30234,1,7.9,2.9,-1,-1
398.19,292.56,0,0,30231,1,7.91,2.91,-1,-1
398.05,292.53,0,0,30228,1,7.92,2.92,-1,-1
397.92,292.5,0,0,30226,1,7.93,2.93,-1,-1
397.79,292.46,0,0,30223,1,7.94,2.94,-1,-1
397.65,292.43,0,0,30220,1,7.95,2.95,-1,-1
397.52,292.4,0,0,30218,1,7.96,2.96,-1,-1
397.39,292.36,0,0,30215,1,7.97,2.97,-1,-1
397.25,292.33,0,0,30212,1,7.98,2.98,-1,-1
397.12,292.29,0,0,30210,1,7.99,2.99,-1,-1
396.99,292.26,0,0,30207,1,8,3,-1,-1
396.93,292.22,0,0,30206,1,8.01,3.01,-1,-1
396.87,292.19,0,0,30205,1,8.02,3.02,-1,-1
396.81,292.15,0,0,30203,1,8.03,3.03,-1,-1
396.75,292.11,0,0,30202,1,8.04,3.04,-1,-1
396.69,292.07,0,0,30201,1,8.05,3.05,-1,-1
396.63,292.04,0,0,30199,1,8.06,3.06,-1,-1
396.57,292,0,0,30198,1,8.07,3.07,-1,-1
396.51,291.96,0,0,30197,1,8.08,3.08,-1,-1
396.46,291.92,0,0,30195,1,8.09,3.09,-1,-1
396.4,291.88,0,0,30194,1,8.1,3.1,-1,-1
396.39,291.84,0,0,30194,1,8.11,3.11,-1,-1
396.37,291.8,0,0,30193,1,8.12,3.12,-1,-1
396.36,291.76,0,0,30193,1,8.13,3.13,-1,-1
396.35,291.71,0,0,30193,1,8.14,3.14,-1,-1
396.34,291.67,0,0,30192,1,8.15,3.15,-1,-1
396.33,291.63,0,0,30192,1,8.16,3.16,-1,-1
396.32,291.59,0,0,30191,1,8.17,3.17,-1,-1
396.3,291.54,0,0,30191,1,8.18,3.18,-1,-1
396.29,291.5,0,0,30191,1,8.19,3.19,-1,-1
396.28,291.46,0,0,30190,1,8.2,3.2,-1,-1
396.28,291.39,0,0,30186,1,8.21,3.21,-1,-1
396.28,291.33,0,0,30182,1,8.22,3.22,-1,-1
396.28,291.27,0,0,30177,1,8.23,3.23,-1,-1
396.28,291.2,0,0,30173,1,8.24,3.24,-1,-1
396.28,291.14,0,0,30169,1,8.25,3.25,-1,-1
396.28,291.08,0,0,30165,1,8.26,3.26,-1,-1
396.28,291.01,0,0,30160,1,8.27,3.27,-1,-1
396.27,290.95,0,0,30156,1,8.28,3.28,-1,-1
396.27,290.89,0,0,30152,1,8.29,3.29,-1,-1
396.27,290.82,0,0,30148,1,8.3,3.3,-1,-1
396.26,290.72,0,0,30138,1,8.31,3.31,-1,-1
396.25,290.61,0,0,30129,1,8.32,3.32,-1,-1
396.23,290.51,0,0,30119,1,8.33,3.33,-1,-1
396.22,290.4,0,0,30110,1,8.34,3.34,-1,-1
396.2,290.3,0,0,30100,1,8.35,3.35,-1,-1
396.19,290.2,0,0,30091,1,8.36,3.36,-1,-1
396.18,290.09,0,0,30081,1,8.37,3.37,-1,-1
396.16,289.99,0,0,30072,1,8.38,3.38,-1,-1
396.15,289.88,0,0,30063,1,8.39,3.39,-1,-1
396.13,289.78,0,0,30053,1,8.4,3.4,-1,-1
396.09,289.6,0,0,30039,1,8.41,3.41,-1,-1
396.05,289.43,0,0,30025,1,8.42,3.42,-1,-1
396.01,289.26,0,0,30010,1,8.43,3.43,-1,-1
395.97,289.08,0,0,29996,1,8.44,3.44,-1,-1
395.92,288.91,0,0,29982,1,8.45,3.45,-1,-1
395.88,288.73,0,0,29968,1,8.46,3.46,-1,-1
395.84,288.56,0,0,29954,1,8.47,3.47,-1,-1
395.8,288.38,0,0,29939,1,8.48,3.48,-1,-1
395.76,288.21,0,0,29925,1,8.49,3.49,-1,-1
395.71,288.04,0,0,29911,1,8.5,3.5,-1,-1
395.59,287.69,0,0,29885,1,8.51,3.51,-1,-1
395.47,287.35,0,0,29859,1,8.52,3.52,-1,-1
395.35,287.01,0,0,29833,1,8.53,3.53,-1,-1
395.22,286.67,0,0,29806,1,8.54,3.54,-1,-1
395.1,286.33,0,0,29780,1,8.55,3.55,-1,-1
394.98,285.99,0,0,29754,1,8.56,3.56,-1,-1
394.86,285.65,0,0,29728,1,8.57,3.57,-1,-1
394.73,285.31,0,0,29702,1,8.58,3.58,-1,-1
394.61,284.97,0,0,29676,1,8.59,3.59,-1,-1
394.49,284.63,0,0,29650,1,8.6,3.6,-1,-1
394.21,283.84,0,0,29592,1,8.61,3.61,-1,-1
393.94,283.05,0,0,29534,1,8.62,3.62,-1,-1
393.67,282.27,0,0,29477,1,8.63,3.63,-1,-1
393.4,281.48,0,0,29419,1,8.64,3.64,-1,-1
393.12,280.69,0,0,29361,1,8.65,3.65,-1,-1
392.85,279.9,0,0,29303,1,8.66,3.66,-1,-1
392.58,279.12,0,0,29246,1,8.67,3.67,-1,-1
392.3,278.33,0,0,29188,1,8.68,3.68,-1,-1
392.03,277.54,0,0,29130,1,8.69,3.69,-1,-1
391.76,276.76,0,0,29073,1,8.7,3.7,-1,-1
391.15,274.68,0,0,28914,1,8.71,3.71,-1,-1
390.53,272.6,0,0,28756,1,8.72,3.72,-1,-1
389.92,270.52,0,0,28597,1,8.73,3.73,-1,-1
389.31,268.44,0,0,28439,1,8.74,3.74,-1,-1
388.7,266.36,0,0,28280,1,8.75,3.75,-1,-1
388.09,264.28,0,0,28122,1,8.76,3.76,-1,-1
387.48,262.2,0,0,27963,1,8.77,3.77,-1,-1
386.87,260.12,0,0,27805,1,8.78,3.78,-1,-1
386.25,258.04,0,0,27646,1,8.79,3.79,-1,-1
385.64,255.96,0,0,27488,1,8.8,3.8,-1,-1
383.3,250.14,0,0,26959,1,8.81,3.81,-1,-1
380.95,244.32,0,0,26430,1,8.82,3.82,-1,-1
378.6,238.5,0,0,25901,1,8.83,3.83,-1,-1
376.26,232.68,0,0,25372,1,8.84,3.84,-1,-1
373.91,226.85,0,0,24843,1,8.85,3.85,-1,-1
371.57,221.03,0,0,24314,1,8.86,3.86,-1,-1
369.22,215.21,0,0,23785,1,8.87,3.87,-1,-1
366.87,209.39,0,0,23256,1,8.88,3.88,-1,-1
364.53,203.57,0,0,22727,1,8.89,3.89,-1,-1
362.18,197.75,0,0,22198,1,8.9,3.9,-1,-1
357.73,187.88,0,0,21463,1,8.91,3.91,-1,-1
353.27,178.01,0,0,20729,1,8.92,3.92,-1,-1
348.82,168.14,0,0,19994,1,8.93,3.93,-1,-1
344.36,158.27,0,0,19260,1,8.94,3.94,-1,-1
339.91,148.4,0,0,18526,1,8.95,3.95,-1,-1
335.45,138.53,0,0,17791,1,8.96,3.96,-1,-1
331,128.66,0,0,17057,1,8.97,3.97,-1,-1
326.54,118.79,0,0,16323,1,8.98,3.98,-1,-1
322.09,108.92,0,0,15588,1,8.99,3.99,-1,-1
317.64,99.055,0,0,14854,1,9,4,-1,-1
314.53,91.676,0,0,14463,1,9.01,4.01,-1,-1
311.43,84.298,0,0,14073,1,9.02,4.02,-1,-1
308.33,76.92,0,0,13682,1,9.03,4.03,-1,-1
305.23,69.541,0,0,13292,1,9.04,4.04,-1,-1
302.13,62.163,0,0,12901,1,9.05,4.05,-1,-1
299.03,54.785,0,0,12511,1,9.06,4.06,-1,-1
295.93,47.406,0,0,12120,1,9.07,4.07,-1,-1
292.82,40.028,0,0,11730,1,9.08,4.08,-1,-1
289.72,32.649,0,0,11339,1,9.09,4.09,-1,-1
286.62,25.271,0,0,10949,1,9.1,4.1,-1,-1
285.96,23.159,0,0,10870,1,9.11,4.11,-1,-1
285.3,21.047,0,0,10791,1,9.12,4.12,-1,-1
284.64,18.935,0,0,10712,1,9.13,4.13,-1,-1
283.99,16.823,0,0,10633,1,9.14,4.14,-1,-1
283.33,14.711,0,0,10554,1,9.15,4.15,-1,-1
282.67,12.599,0,0,10475,1,9.16,4.16,-1,-1
282.01,10.486,0,0,10396,1,9.17,4.17,-1,-1
281.35,8.3744,0,0,10317,1,9.18,4.18,-1,-1
280.69,6.2622,0,0,10238,1,9.19,4.19,-1,-1
280.03,4.1502,0,0,10159,1,9.2,4.2,-1,-1
279.92,3.7982,0,0,10146,1,9.21,4.21,-1,-1
279.81,3.4462,0,0,10132,1,9.22,4.22,-1,-1
279.7,3.0943,0,0,10119,1,9.23,4.23,-1,-1
279.59,2.7423,0,0,10105,1,9.24,4.24,-1,-1
279.48,2.3903,0,0,10092,1,9.25,4.25,-1,-1
279.37,2.0383,0,0,10078,1,9.26,4.26,-1,-1
279.27,1.6863,0,0,10064,1,9.27,4.27,-1,-1
279.16,1.3344,0,0,10051,1,9.28,4.28,-1,-1
279.05,0.98238,0,0,10037,1,9.29,4.29,-1,-1
278.94,0.63039,0,0,10024,1,9.3,4.3,-1,-1
278.92,0.57668,0,0,10022,1,9.31,4.31,-1,-1
278.9,0.52295,0,0,10020,1,9.32,4.32,-1,-1
278.89,0.46923,0,0,10018,1,9.33,4.33,-1,-1
278.87,0.41551,0,0,10016,1,9.34,4.34,-1,-1
278.86,0.36179,0,0,10014,1,9.35,4.35,-1,-1
278.84,0.30807,0,0,10012,1,9.36,4.36,-1,-1
278.82,0.25435,0,0,10010,1,9.37,4.37,-1,-1
278.81,0.20063,0,0,10008,1,9.38,4.38,-1,-1
278.79,0.14691,0,0,10006,1,9.39,4.39,-1,-1
278.77,0.093184,0,0,10004,1,9.4,4.4,-1,-1
278.77,0.08524,0,0,10003,1,9.41,4.41,-1,-1
278.77,0.077295,0,0,10003,1,9.42,4.42,-1,-1
278.77,0.069351,0,0,10003,1,9.43,4.43,-1,-1
278.76,0.061407,0,0,10002,1,9.44,4.44,-1,-1
278.76,0.053463,0,0,10002,1,9.45,4.45,-1,-1
278.76,0.045519,0,0,10002,1,9.46,4.46,-1,-1
278.76,0.037575,0,0,10001,1,9.47,4.47,-1,-1
278.75,0.02963,0,0,10001,1,9.48,4.48,-1,-1
278.75,0.021686,0,0,10001,1,9.49,4.49,-1,-1
278.75,0.013742,0,0,10000,1,9.5,4.5,-1,-1
278.75,0.01257,0,0,10000,1,9.51,4.51,-1,-1
278.75,0.011399,0,0,10000,1,9.52,4.52,-1,-1
278.75,0.010228,0,0,10000,1,9.53,4.53,-1,-1
278.75,0.0090566,0,0,10000,1,9.54,4.54,-1,-1
278.75,0.0078853,0,0,10000,1,9.55,4.55,-1,-1
278.75,0.006714,0,0,10000,1,9.56,4.56,-1,-1
278.75,0.0055428,0,0,10000,1,9.57,4.57,-1,-1
278.75,0.0043715,0,0,10000,1,9.58,4.58,-1,-1
278.75,0.0032002,0,0,10000,1,9.59,4.59,-1,-1
278.75,0.002029,0,0,10000,1,9.6,4.6,-1,-1
278.75,0.0018561,0,0,10000,1,9.61,4.61,-1,-1
278.75,0.0016832,0,0,10000,1,9.62,4.62,-1,-1
278.75,0.0015103,0,0,10000,1,9.63,4.63,-1,-1
278.75,0.0013373,0,0,10000,1,9.64,4.64,-1,-1
278.75,0.0011644,0,0,10000,1,9.65,4.65,-1,-1
278.75,0.00099152,0,0,10000,1,9.66,4.66,-1,-1
278.75,0.00081861,0,0,10000,1,9.67,4.67,-1,-1
278.75,0.0006457,0,0,10000,1,9.68,4.68,-1,-1
278.75,0.00047278,0,0,10000,1,9.69,4.69,-1,-1
278.75,0.00029987,0,0,10000,1,9.7,4.7,-1,-1
278.75,0.00027432,0,0,10000,1,9.71,4.71,-1,-1
278.75,0.00024877,0,0,10000,1,9.72,4.72,-1,-1
278.75,0.00022322,0,0,10000,1,9.73,4.73,-1,-1
278.75,0.00019766,0,0,10000,1,9.74,4.74,-1,-1
278.75,0.00017211,0,0,10000,1,9.75,4.75,-1,-1
278.75,0.00014656,0,0,10000,1,9.76,4.76,-1,-1
278.75,0.00012101,0,0,10000,1,9.77,4.77,-1,-1
278.75,9.5452e-05,0,0,10000,1,9.78,4.78,-1,-1
278.75,6.99e-05,0,0,10000,1,9.79,4.79,-1,-1
278.75,4.4347e-05,0,0,10000,1,9.8,4.8,-1,-1
278.75,4.056e-05,0,0,10000,1,9.81,4.81,-1,-1
278.75,3.6774e-05,0,0,10000,1,9.82,4.82,-1,-1
278.75,3.2987e-05,0,0,10000,1,9.83,4.83,-1,-1
278.75,2.9201e-05,0,0,10000,1,9.84,4.84,-1,-1
278.75,2.5414e-05,0,0,10000,1,9.85,4.85,-1,-1
278.75,2.1628e-05,0,0,10000,1,9.86,4.86,-1,-1
278.75,1.7841e-05,0,0,10000,1,9.87,4.87,-1,-1
278.75,1.4055e-05,0,0,10000,1,9.88,4.88,-1,-1
278.75,1.0268e-05,0,0,10000,1,9.89,4.89,-1,-1
278.75,6.4819e-06,0,0,10000,1,9.9,4.9,-1,-1
278.75,5.9846e-06,0,0,10000,1,9.91,4.91,-1,-1
278.75,5.4872e-06,0,0,10000,1,9.92,4.92,-1,-1
278.75,4.9899e-06,0,0,10000,1,9.93,4.93,-1,-1
278.75,4.4925e-06,0,0,10000,1,9.94,4.94,-1,-1
278.75,3.9952e-06,0,0,10000,1,9.95,4.95,-1,-1
278.75,3.4979e-06,0,0,10000,1,9.96,4.96,-1,-1
278.75,3.0005e-06,0,0,10000,1,9.97,4.97,-1,-1
278.75,2.5032e-06,0,0,10000,1,9.98,4.98,-1,-1
278.75,2.0059e-06,0,0,10000,1,9.99,4.99,-1,-1
278.75,1.5085e-06,0,0,10000,1,10,5,-1,-1
